1

3.52
5.61
5.38
4.06
4.87
-1
4.19
3.7
3.4
5.69
4.7
-1
1.29
1.59
1.27
1.3
1.36
-1

5.00E-04
20.5
0.0072
286

5

16.09
20.78
21.68
19.63
-1
6.48
6.29
6.45
6.2
-1
4.62
4.09
4.28
4.02

5.00E-04
21.5
0.0072
313

6

16.07
18.41
16.61
21.08
-1
6.42
6.47
5.83
6.57
-1
3.89
3.72
3.56
3.96
-1

5.00E-04
21.4
0.0072
345

7

41.22
41.22
56.24
40.25
-1
1.87
1.51
1.69
1.7
-1
1.58
1.96
1.85
1.66
-1

5.00E-04
21.9
0.0072
366

8

13.44
12.53
12.64
14.12
-1
4.08
3.89
3.7
4.05
-1
2.24
2.61
2.69
2.66
-1

5.00E-04
21.9
0.0072
442

9

16.06
14.29
15.28
14.43
-1
2.01
1.68
1.77
2
-1
2.06
1.63
1.47
1.58
-1

5.00E-04
21.9
0.0072
396

10

10.08
9.2
9.61
9.35
-1
15.02
14.56
14.98
13.9
-1
5.1
4.67
3.3
3.98
-1

5.00E-04
22
0.0072
304

11

15.06
14.93
15.5
13.85
-1
8.49
9.52
9.64
10.09
-1
4.01
4.32
4.06
4.39
-1

5.00E-04
22.3
0.0072
304

12

15.47
16.04
16.53
16.49
-1
2.27
2.29
2.18
2.45
-1
2.1
1.6
1.63
1.85
-1

5.00E-04
22.3
0.0072
304

13

13.88
15.65
15.01
14.75
-1
1.63
1.73
1.6
1.48
-1
1.61
1.27
1.24
1.42
-1

5.00E-04
22.5
0.0072
304

14
12.43
9
13.05
11.11
-1
0.9
0.87
0.92
0.71
-1
0.86
0.92
1
0.9
-1

5.00E-04
22.5
0.0072
304
