3.13E-19
3.21E-19
3.23E-19
3.23E-19
3.23E-19
3.23E-19
3.25E-19
3.34E-19
3.334E-19
3.45E-19
3.4E-19
4.71E-19
4.71E-19
4.72E-19
4.73E-19
4.73E-19
4.75E-19
4.76E-19
4.79E-19
4.81E-19
4.83E-19
4.84E-19
4.84E-19
4.85E-19
4.86E-19
4.88E-19
6.3E-19
6.31E-19
6.33E-19
6.35E-19
6.37E-19
6.41E-19
6.43E-19
6.45E-19
6.46E-19
6.48E-19
6.49E-19
6.51E-19
6.52E-19
6.53E-19
6.54E-19
6.55E-19
6.55E-19
6.56E-19
6.57E-19
6.58E-19
7.76E-19
7.76E-19
7.77E-19
7.79E-19
7.81E-19
7.84E-19
7.88E-19
7.94E-19
7.95E-19
7.96E-19
8.01E-19
8.04E-19
8.09E-19
8.11E-19
8.13E-19
9.33E-19
9.38E-19
9.44E-19
9.52E-19
9.6E-19
9.65E-19
9.72E-19
9.8E-19
9.82E-19
9.82E-19
1.25E-18
1.26E-18
1.26E-18
1.27E-18
1.28E-18
1.29E-18
1.29E-18
1.29E-18
1.3E-18
1.3E-18
