1.52E-18
3.73E-18
3.02E-18
2.42E-18
1.06E-18
1.96E-18
2.51E-18
2.65E-18
3.21E-18
2.97E-18
8.93E-18
9.41E-18
8.78E-18
8.78E-18
6.04E-18
6.57E-18
5.49E-18
6.30E-18
5.70E-18
4.59E-18
2.09E-18
3.61E-18
2.35E-18
2.31E-18
2.33E-18
3.65E-18
3.71E-18
2.03E-18
2.83E-18
2.30E-18
3.93E-18
4.40E-18
4.26E-18
4.45E-18
3.03E-18
3.82E-18
3.82E-18
3.94E-18
3.94E-18
3.82E-18
5.76E-18
5.44E-18
3.33E-18
3.98E-18
4.13E-18
3.20E-18
2.96E-18
4.31E-18
5.26E-18
4.46E-18
1.18E-17
7.27E-18
7.32E-18
5.98E-18
6.71E-18
1.76E-18
6.39E-18
6.13E-18
6.13E-18
6.39E-18
3.03E-18
3.20E-18
3.17E-18
2.97E-18
2.71E-18
2.93E-18
2.76E-18
2.84E-18
3.02E-18
3.12E-18
9.60E-19
9.24E-19
9.95E-19
1.01E-18
8.95E-19
9.51E-19
9.75E-19
1.01E-18
9.07E-19
9.59E-19
1.74E-18
2.04E-18
1.87E-18
1.94E-18
1.92E-18
1.77E-18
1.68E-18
1.75E-18
1.93E-18
1.99E-18
1.19E-18
1.20E-18
1.14E-18
1.28E-18
1.02E-18
1.20E-18
1.22E-18
1.15E-18
1.12E-18
1.18E-18
1.45E-18
1.73E-18
1.44E-18
1.42E-18
1.38E-18
1.41E-18
1.88E-18
1.93E-18
1.05E-18
1.51E-18
5.06E-19
5.11E-19
4.66E-19
4.94E-19
4.84E-19
5.64E-19
6.19E-19
7.61E-19
6.26E-19
6.70E-19
1.28E-18
1.65E-18
1.45E-18
1.38E-18
1.41E-18
9.07E-19
1.30E-18
1.53E-18
1.22E-18
1.32E-18
1.25E-18
1.17E-18
1.11E-18
1.18E-18
1.03E-18
1.09E-18
1.05E-18
1.27E-18
1.09E-18
1.12E-18
1.15E-18
1.35E-18
1.08E-18
1.10E-18
1.20E-18
1.00E-18
1.13E-18
1.15E-18
1.08E-18
1.15E-18
1.48E-18
1.48E-18
1.55E-18
1.49E-18
1.63E-18
1.13E-18
1.53E-18
1.65E-18
1.44E-18
1.53E-18
4.94E-19
4.98E-19
4.59E-19
5.03E-19
4.83E-19
4.92E-19
5.15E-19
4.61E-19
4.09E-19
4.84E-19
