1.59518
1.59786
1.60054
1.60054
1.60054
1.60054
1.60054
1.60054
1.60054
1.60054
1.60054
1.60054
1.60054
1.60054
1.60054
1.60054
1.60054
1.60054
1.60054
1.60054
1.60054
1.60054
1.60054
1.60295
1.60295
1.60295
1.60295
1.60057
1.60057
1.60292
1.60292
1.60292
1.60292
1.6006
1.6006
1.6029
1.6029
1.6029
1.6029
1.60063
1.60063
1.60288
1.60288
1.60288
1.60288
1.60065
1.60065
1.60065
1.60065
1.60283
1.60283
1.60283
1.60283
1.60068
1.60068
1.60281
1.60281
1.60281
1.60281
1.60071
1.60071
1.60279
1.60279
1.60279
1.60279
1.60073
1.60073
1.60277
1.60277
1.60277
1.60277
1.60076
1.60076
1.60275
1.60275
1.60275
1.60275
1.60078
1.60078
1.60273
1.60273
1.60078
1.60078
1.60271
1.60271
1.60271
1.60271
1.6008
1.6008
1.60269
1.60269
1.60269
1.60269
1.60083
1.60083
1.60267
1.60267
1.60267
1.60267
1.60085
1.60085
1.60265
1.60265
1.60265
1.60265
1.60087
1.60087
1.60263
1.60263
1.60263
1.60263
1.60089
1.60089
1.60089
1.60089
1.6026
1.6026
1.6026
1.6026
1.60091
1.60091
1.60258
1.60258
1.60258
1.60258
1.60093
1.60093
1.60256
1.60256
1.60256
1.60256
1.60095
1.60095
1.60255
1.60255
1.60255
1.60255
1.60097
1.60097
1.60253
1.60253
1.60253
1.60253
1.60099
1.60099
1.60252
1.60252
1.60099
1.60099
1.6025
1.6025
1.6025
1.6025
1.60101
1.60101
1.60249
1.60249
1.60249
1.60249
1.60103
1.60103
1.60247
1.60247
1.60247
1.60247
1.60104
1.60104
1.60246
1.60246
1.60246
1.60246
1.60106
1.60106
1.60244
1.60244
1.60244
1.60244
1.60108
1.60108
1.60108
1.60108
1.60242
1.60242
1.60242
1.60242
1.60109
1.60109
1.6024
1.6024
1.6024
1.6024
1.60111
1.60111
1.60239
1.60239
1.60239
1.60239
1.60112
1.60112
1.60238
1.60238
1.60238
1.60238
1.60114
1.60114
1.60236
1.60236
1.60236
1.60236
1.60115
1.60115
1.60235
1.60235
1.60235
1.60235
1.60117
1.60117
1.60117
1.60117
1.60233
1.60233
1.60233
1.60233
1.60118
1.60118
1.60232
1.60232
1.60232
1.60232
1.6012
1.6012
1.6023
1.6023
1.6023
1.6023
1.60121
1.60121
1.60229
1.60229
1.60229
1.60229
1.60122
1.60122
1.60228
1.60228
1.60228
1.60228
1.60124
1.60124
1.60124
1.60124
1.60226
1.60226
1.60226
1.60226
1.60125
1.60125
1.60225
1.60225
1.60225
1.60225